pathway	pval	padj	ES	NES	nMoreExtreme	size	leadingEdge
Amplification of signal from the kinetochores	1.53760993911065e-05	0.000286638764815531	0.682852669059497	2.74834977446257	0	75	66336|66977|107995|66442|52276|67629|72415|56150|20877|12615|11799|66468|19053|73804|60411|208628|228421|68014|12236|18817|66934|108000|26886|72155|229841|67052|16319|26931|67203|12235|381318|66570|102920|75786|69736|70385|26932|68549|232987|69928|68097
Amplification  of signal from unattached  kinetochores via a MAD2  inhibitory signal	1.53760993911065e-05	0.000286638764815531	0.682852669059497	2.74834977446257	0	75	66336|66977|107995|66442|52276|67629|72415|56150|20877|12615|11799|66468|19053|73804|60411|208628|228421|68014|12236|18817|66934|108000|26886|72155|229841|67052|16319|26931|67203|12235|381318|66570|102920|75786|69736|70385|26932|68549|232987|69928|68097
Metabolism of nucleotides	1.5639417588089e-05	0.000286638764815531	0.6301218287919	2.46481194357181	0	64	12495|93692|22271|21877|20133|20135|22436|381101|110074|18950|11639|11565|18102|22166|80914|14782|171567|15452|53893|320685|67054|23959|11636|11486|76952|50493|56045|11821|22171|17766|229363|13178
Cell Cycle	1.22132929480447e-05	0.000286638764815531	0.546930968632724	2.7384262044331	0	393   66336|66977|15366|12442|107995|66442|12571|12428|52276|54392|66311|215387|67629|54124|12649|72415|56150|57441|20877|67121|12615|11799|66468|67849|19053|73804|76044|20878|15270|13555|60411|12580|17219|69270|12575|69263|12448|14211|20873|18005|72119|71988|12189|17215|12534|66156|208628|237911|22390|68240|228421|68014|269582|19348|12236|72151|18817|21781|18968|217653|66934|272551|227613|67141|68612|68298|108000|23834|106344|56452|242705|18141|223921|26886|13557|26909|72787|268697|72155|56371|17535|107823|12531|327762|12567|229841|67052|16319|66634|26931|67203|12235|19891|74470|72083|381318|66570|17216|19687|17218|102920|29870|18973|16881|17463|75786|19645|19075|26417|69736|19357|76816|70385|70645|22628|225182|22627|52683|19076|18972|231863|26932|12544|17997|26440|68549|19088|269113|26444|19324|103733|59001|107976|19179|12579|232987|17420|228769|219072|26445|105988|69745|18538|69928|11651|235559|68097|57296|14235|19170|17246|17220|12144|50793|18392|236930|67151|70024|59126|66296|109145|71819|67733|50883|12447|75430|12532|14156|26442|19177|230376|245688
Telomere C-strand (Lagging Strand) Synthesis	1.72917639328388e-05	0.000286638764815531	0.729907321979503	2.31057427968842	0	24	69263|68240|72151|18968|106344|327762|19891|19687|18973|16881|19075|19076|18972|59001|69745|18538|14156|18971|19718|18969
Activation of ATR in response to replication stress	1.67187735107753e-05	0.000286638764815531	0.693613225514781	2.37768859008453	0	34	12649|17219|69263|17215|68240|269582|72151|23834|106344|56452|66634|19891|17216|17218|12544|17220|50793|18392|70024|12532|19718
Cholesterol biosynthesis	1.74486573258188e-05	0.000286638764815531	0.775117241545339	2.40060399044097	0	22	110196|13121|20775|110460|208715|14137|15357|235293|16987|66234|319554|15490|68603|192156
Signaling by Rho GTPases	1.30824982338627e-05	0.000286638764815531	0.415134763217904	1.98891485244918	0	248	66336|66977|20430|104215|233406|107995|66442|52276|67629|71435|72415|218581|56150|12385|20877|12615|11799|66468|19053|73910|73804|26934|60411|208628|228421|68014|12236|18817|66934|16443|108000|26886|14570|57257|72155|229841|67052|17207|16319|26931|12704|67203|18645|12235|381318|66570|228482|102920|544963|75786|17970|26417|69736|70385|22628|14569|22627|56378|404710|26932
RHO GTPase Effectors	1.3880791760362e-05	0.000286638764815531	0.499039164829742	2.27712149080612	0	167	66336|66977|20430|233406|107995|66442|52276|67629|72415|56150|12385|20877|12615|11799|66468|19053|73804|60411|208628|228421|68014|12236|18817|66934|108000|26886|72155|229841|67052|16319|26931|12704|67203|18645|12235|381318|66570|102920|544963|75786|17970|26417|69736|70385|22628|22627|56378|404710|26932|68549|232987|11835|11853|69928|68097
Separation of Sister Chromatids	1.4347819848774e-05	0.000286638764815531	0.586861588812097	2.58824256998377	0	131	66336|66977|107995|66442|52276|67629|72415|56150|20877|12615|11799|66468|67849|19053|73804|60411|66156|208628|228421|68014|12236|18817|66934|68612|108000|26886|72155|229841|67052|16319|26931|67203|12235|381318|66570|102920|17463|75786|69736|19357|70385|26932|26440|68549|26444|19179|232987|228769|26445|105988|69928|68097|57296|19170
Resolution of Sister Chromatid Cohesion	1.51639219967852e-05	0.000286638764815531	0.684363592229608	2.81970489251569	0	86	66336|66977|12442|107995|66442|52276|67629|72415|56150|20877|12615|11799|66468|67849|19053|73804|60411|12534|208628|228421|68014|12236|18817|66934|108000|26886|268697|72155|229841|67052|16319|26931|67203|12235|381318|66570|102920|75786|69736|19357|70385|26932|68549
Mitotic Metaphase and Anaphase	1.42563868613139e-05	0.000286638764815531	0.581025107779547	2.57733805537165	0	136	66336|66977|107995|66442|52276|67629|72415|56150|20877|12615|11799|66468|67849|19053|73804|60411|66156|208628|228421|68014|12236|18817|66934|67141|68612|108000|26886|72155|229841|67052|16319|26931|67203|12235|381318|66570|102920|17463|75786|69736|19357|70385|26932|26440|68549|26444|19179|232987|228769|26445|105988|69928|68097|57296|19170
Mitotic G2-G2/M phases	1.43053330281529e-05	0.000286638764815531	0.471471667365243	2.08634224086368	0	134	15366|12442|12428|19053|20878|13555|12575|20873|18005|72119|12534|22390|18817|227613|13557|268697|12531|67203|74470|72083|29870|17463|75786|76816|22628|22627|231863|17997|26440|19088|26444|103733|19179|17420|228769|219072|26445|57296|14235|19170|67151|66296|12532|26442|19177|230376|16328|225659|66671|78177|23996|101565|16475|71648|22154
Mitotic G1-G1/S phases	1.4856192060851e-05	0.000286638764815531	0.595372246325782	2.51392924562795	0	99	12571|12428|54124|13555|12580|17219|12575|12448|17215|22390|68240|21781|18968|23834|56452|242705|13557|12567|66634|19891|17216|17218|18973|17463|19645|19075|19076|12544|26440|26444|59001|19179|12579|17420|228769|26445|11651|57296|19170|17220|50793|18392|67151|70024|12447|26442|19177
RHO GTPases Activate Formins	1.51048275028699e-05	0.000286638764815531	0.635473718551758	2.6296972597589	0	88	66336|66977|107995|66442|52276|67629|72415|56150|20877|12615|11799|66468|19053|73804|60411|208628|228421|68014|12236|18817|66934|108000|26886|72155|229841|67052|16319|26931|67203|18645|12235|381318|66570|102920|75786|69736|70385|26932|68549|232987|11853|69928|68097
HDR through Homologous Recombination (HRR)	1.60934708788644e-05	0.000286638764815531	0.622362248611522	2.31995999391803	0	50	19361|12649|19363|69263|268465|12189|237911|68240|72151|19362|106344|26909|17535|327762|19891|27015|19687|225182|18972|80905|224008|69745|18538|235559|12144
HDR through Homologous Recombination (HR) or Single Strand Annealing (SSA)	1.57351460221551e-05	0.000286638764815531	0.609449952161245	2.36129533334068	0	61	19361|12428|12649|19363|69263|268465|12189|237911|68240|269582|72151|66131|19362|106344|26909|17535|327762|19891|27015|19687|225182|18972|80905|224008|69745|18538|235559|12144
Neutrophil degranulation	1.26847212532505e-05	0.000286638764815531	0.430524881107163	2.10698923395146	0	306	11676|14190|53381|12306|20430|12505|20719|14824|16592|20527|231507|19271|18648|15442|110095|18746|13244|20195|18950|11501|16410|27357|66848|72157|227753|66934|227613|70152|11674|16854|18641|64138|69537|18600|17319|14127|17064|16970|11886|69981|14751|66508|22330|21946|11605|12359|13350|544963|17463|19340|11783|66222|20409|20932|77559|14569|12491|11881|54672|245828|71665|241633|69550|15926|20619|18813|57437|14590|16423|14667|50917|11821|13010|19170|73690|12238|63986|109754|223978|102595|16784|11571|67512|13030|69189|11984|14387|14131|12091|110173|12182|26442|22320|76763|19177|20708|231887|17025
Assembly of the pre-replicative complex	1.60243570226745e-05	0.000286638764815531	0.596394454129763	2.23989176376976	0	52	57441|13555|17219|17215|23834|56452|242705|13557|66634|17216|17218|17463|26440|26444|19179|228769|26445|57296|19170|17220|50793|18392|67151|26442|19177
M/G1 Transition	1.55183116076971e-05	0.000286638764815531	0.601001136067378	2.37768049136373	0	68	57441|13555|17219|17215|68240|18968|23834|56452|242705|13557|66634|19891|17216|17218|18973|17463|19075|19076|12544|26440|26444|59001|19179|228769|26445|57296|19170|17220|50793|18392|67151|70024|26442|19177
Mitotic Prometaphase	1.41236953236445e-05	0.000286638764815531	0.59010532254131	2.64755597427557	0	148	66336|66977|12442|107995|66442|52276|54392|215387|67629|72415|56150|20877|12615|11799|66468|67849|19053|73804|60411|14211|20873|18005|12534|208628|228421|68014|12236|18817|66934|227613|68298|108000|26886|268697|72155|229841|67052|16319|26931|67203|12235|74470|72083|381318|66570|102920|75786|69736|19357|76816|70385|22628|22627|26932|17997|68549|19088|103733|232987|219072|69928|68097
Mitotic Anaphase	1.42753137000186e-05	0.000286638764815531	0.577295169342509	2.55796081643248	0	135	66336|66977|107995|66442|52276|67629|72415|56150|20877|12615|11799|66468|67849|19053|73804|60411|66156|208628|228421|68014|12236|18817|66934|68612|108000|26886|72155|229841|67052|16319|26931|67203|12235|381318|66570|102920|17463|75786|69736|19357|70385|26932|26440|68549|26444|19179|232987|228769|26445|105988|69928|68097|57296|19170
M Phase	1.31185391194837e-05	0.000286638764815531	0.50801612112241	2.42753929629822	0	242	66336|66977|12442|107995|66442|52276|54392|215387|67629|72415|56150|20877|67121|12615|11799|66468|67849|19053|73804|76044|60411|14211|20873|18005|12534|66156|208628|228421|68014|19348|12236|18817|66934|227613|67141|68612|68298|108000|18141|223921|26886|72787|268697|72155|229841|67052|16319|26931|67203|12235|74470|72083|381318|66570|102920|17463|75786|19645|26417|69736|19357|76816|70385|22628|22627|52683|26932|17997|26440|68549|19088|269113|26444|19324|103733|19179|232987|228769|219072|26445|105988|69928|68097|57296|19170
Activation of the pre-replicative complex	1.69500144075122e-05	0.000286638764815531	0.705706154292045	2.35158338722193	0	30	17219|17215|68240|18968|23834|56452|66634|19891|17216|17218|18973|19075|19076|12544|59001|17220|50793|18392|70024
DNA Replication Pre-Initiation	1.55183116076971e-05	0.000286638764815531	0.601001136067378	2.37768049136373	0	68	57441|13555|17219|17215|68240|18968|23834|56452|242705|13557|66634|19891|17216|17218|18973|17463|19075|19076|12544|26440|26444|59001|19179|228769|26445|57296|19170|17220|50793|18392|67151|70024|26442|19177
Lagging Strand Synthesis	1.75852002954314e-05	0.000286638764815531	0.760367665936474	2.30029745117394	0	20	69263|68240|72151|18968|106344|327762|19891|19687|16881|19075|19076|18972|69745|18538|14156|18971|19718|18969
DNA strand elongation	1.72917639328388e-05	0.000286638764815531	0.762794456750468	2.41468087712378	0	24	69270|69263|68240|72151|18968|272551|106344|327762|19891|19687|16881|19075|19076|18972|69745|18538|109145|14156|18971|19718
G1/S Transition	1.52443672063173e-05	0.000286638764815531	0.596068657905871	2.43334465888122	0	81	12428|54124|17219|12575|12448|17215|22390|68240|18968|23834|56452|12567|66634|19891|17216|17218|18973|17463|19645|19075|19076|12544|26440|26444|59001|19179|17420|228769|26445|11651|57296|19170|17220|50793|18392|67151|70024|12447|26442|19177
Synthesis of DNA	1.52443672063173e-05	0.000286638764815531	0.646996696043845	2.6412493489646	0	81	12428|17219|69270|12575|69263|17215|68240|72151|18968|272551|23834|106344|56452|56371|327762|66634|19891|17216|19687|17218|18973|16881|17463|19645|19075|19076|18972|26440|26444|59001|19179|228769|26445|69745|18538|57296|19170|17220|50793|18392|67151|109145|14156|26442|19177|18971|19718
S Phase	1.47710487444609e-05	0.000286638764815531	0.621322096040383	2.64153859097799	0	103	12428|54124|67849|17219|69270|12575|69263|12448|71988|17215|22390|68240|72151|18968|272551|23834|106344|56452|56371|327762|12567|66634|19891|17216|19687|17218|18973|16881|17463|19645|19075|19357|19076|18972|26440|26444|59001|19179|17420|228769|26445|69745|18538|57296|19170|17220|50793|18392|67151|109145|12447|14156|26442|19177|18971|66671|19718
G2/M Transition	1.43381509520532e-05	0.000286638764815531	0.458989938391705	2.02635513619658	0	132	15366|12442|12428|19053|20878|12575|20873|18005|72119|12534|22390|18817|227613|268697|12531|67203|74470|72083|29870|17463|75786|76816|22628|22627|231863|17997|26440|19088|26444|103733|19179|17420|228769|219072|26445|57296|14235|19170|67151|66296|12532|26442|19177|230376|16328|225659|66671|78177|23996|101565|16475|71648|22154
Cell Cycle Mitotic	1.24540755962389e-05	0.000286638764815531	0.557031795628083	2.75848090228229	0	346	66336|66977|15366|12442|107995|66442|12571|12428|52276|54392|215387|67629|54124|72415|56150|57441|20877|67121|12615|11799|66468|67849|19053|73804|76044|20878|13555|60411|12580|17219|69270|12575|69263|12448|14211|20873|18005|72119|71988|17215|12534|66156|208628|22390|68240|228421|68014|19348|12236|72151|18817|21781|18968|66934|272551|227613|67141|68612|68298|108000|23834|106344|56452|242705|18141|223921|26886|13557|72787|268697|72155|56371|12531|327762|12567|229841|67052|16319|66634|26931|67203|12235|19891|74470|72083|381318|66570|17216|19687|17218|102920|29870|18973|16881|17463|75786|19645|19075|26417|69736|19357|76816|70385|22628|22627|52683|19076|18972|231863|26932|12544|17997|26440|68549|19088|269113|26444|19324|103733|59001|19179|12579|232987|17420|228769|219072|26445|105988|69745|18538|69928|11651|68097|57296|14235|19170|17220|50793|18392|236930|67151|70024|59126|66296|109145|71819|67733|12447|75430|12532|14156|26442|19177|230376
Removal of licensing factors from origins	1.59263565274172e-05	0.000286638764815531	0.612852040371656	2.32791389197134	0	55	12428|57441|17219|12575|17215|23834|56452|56371|66634|17216|17218|17463|19645|26440|26444|19179|228769|26445|57296|19170|17220|50793|18392|67151|70024|26442|19177
Regulation of DNA replication	1.58252888115208e-05	0.000286638764815531	0.63729255944981	2.44563716115616	0	58	12428|57441|13555|17219|12575|17215|23834|56452|242705|13557|56371|66634|17216|17218|17463|19645|26440|26444|19179|228769|26445|57296|19170|17220|50793|18392|67151|70024|26442|19177
DNA Replication	1.50941117869919e-05	0.000286638764815531	0.659085274019889	2.73200164398565	0	89	12428|57441|13555|17219|69270|12575|69263|17215|68240|72151|18968|272551|23834|106344|56452|242705|13557|56371|327762|66634|19891|17216|19687|17218|18973|16881|17463|19645|19075|19076|18972|12544|26440|26444|59001|19179|228769|26445|69745|18538|57296|19170|17220|50793|18392|67151|70024|109145|14156|26442|19177
G2/M Checkpoints	1.47310117258853e-05	0.000286638764815531	0.567466230508565	2.42267540277476	0	106     12442|12649|15270|17219|69263|12189|17215|12534|237911|22390|68240|269582|72151|23834|106344|56452|26909|268697|17535|107823|327762|66634|19891|17216|17218|29870|17463|22628|225182|22627|12544|26440|26444|107976|19179|228769|26445|235559|57296|19170|17220|12144|50793|18392|67151|70024|50883|12532|26442|19177
Mitotic Spindle Checkpoint	1.51263046437755e-05	0.000286638764815531	0.661319568967316	2.73135413789256	0	87	66336|66977|107995|66442|52276|67629|72415|56150|20877|12615|11799|66468|19053|73804|60411|66156|208628|228421|68014|12236|18817|66934|68612|108000|26886|72155|229841|67052|16319|26931|67203|12235|381318|66570|102920|75786|69736|70385|26932|68549
Cell Cycle Checkpoints	1.35124179120612e-05	0.000286638764815531	0.61587658256032	2.87762832284152	0	200    66336|66977|12442|107995|66442|12428|52276|67629|12649|72415|56150|20877|12615|11799|66468|19053|73804|15270|60411|17219|12575|69263|12448|12189|17215|12534|66156|208628|237911|22390|68240|228421|68014|269582|12236|72151|18817|66934|68612|108000|23834|106344|56452|26886|26909|268697|72155|17535|107823|327762|229841|67052|16319|66634|26931|67203|12235|19891|381318|66570|17216|17218|102920|29870|17463|75786|69736|70385|22628|225182|22627|26932|12544|26440|68549|26444|107976|19179|232987|228769|26445|69928|235559|68097|57296|19170|17246|17220|12144|50793|18392|236930|67151|70024|67733|50883|12447|75430|12532|26442|19177
Metabolism of carbohydrates	1.3880791760362e-05	0.000286638764815531	0.465109103869443	2.12229822954281	0	167   11676|21991|15366|58250|12505|18648|15442|110095|18563|269941|15277|18655|14635|18746|20525|56421|27357|72157|74185|20322|11674|66171|18141|223921|18641|72787|20443|26384|14733|110208|13358|56375|14751|20444|69736|67880|77559|11881|17160|269113|21881|20971|14718|15275|66646|50917|231727|433182|74551|70484|56398|67863|14387|54371|12091|53374|110173
Chromosome Maintenance	1.61415289256198e-05	0.000286638764815531	0.685480045412183	2.54425960850141	0	49    66336|66311|12615|60411|69263|68240|72151|18968|217653|106344|26886|72155|327762|19891|66570|19687|102920|18973|16881|19075|70645|19076|18972|59001|69745|18538|69928|67733|14156|245688|18971|19718|66578|381280|18969|56505
APC/C-mediated degradation of cell cycle proteins	3.12153704484088e-05	0.000443106667056311	0.575417994621437	2.25797301231534	1	65	107995|12428|56150|20877|20878|12575|18005|12534|66156|12236|18817|67141|68612|268697|56371|17463|26440|26444|19179|228769|26445|57296|19170|67151|75430|26442|19177|229776|22194|23996|68999|26965|19192
Regulation of APC/C activators between G1/S and early anaphase	3.16085595979391e-05	0.000443106667056311	0.568851095866154	2.19019573555436	1	59	107995|12428|56150|12575|12534|66156|12236|18817|67141|68612|268697|56371|17463|26440|26444|19179|228769|26445|57296|19170|67151|75430|26442|19177|22194|23996|68999|26965|19192
Regulation of mitotic cell cycle	3.12153704484088e-05	0.000443106667056311	0.575417994621437	2.25797301231534	1	65	107995|12428|56150|20877|20878|12575|18005|12534|66156|12236|18817|67141|68612|268697|56371|17463|26440|26444|19179|228769|26445|57296|19170|67151|75430|26442|19177|229776|22194|23996|68999|26965|19192
DNA Double-Strand Break Repair	2.99701796712271e-05	0.000443106667056311	0.500896420815478	2.09352100610233	1	93	19361|12428|12649|15270|19363|69263|268465|12189|16647|237911|68240|269582|72151|66131|19362|106344|26909|17535|107823|327762|19891|27015|19687|225182|18972|55982|80905|107976|224008|69745|18538|235559|12144|50883|19364|14156|230674|18971|19718|11785
Homology Directed Repair	3.1278835176178e-05	0.000443106667056311	0.593521225307431	2.3216434315661	1	64	19361|12428|12649|19363|69263|268465|12189|237911|68240|269582|72151|66131|19362|106344|26909|17535|327762|19891|27015|19687|225182|18972|80905|224008|69745|18538|235559|12144|19364|14156|18971|19718
Orc1 removal from chromatin	3.19417382693966e-05	0.000443106667056311	0.594105267199798	2.2403401094712	1	53	12428|17219|12575|17215|23834|56452|56371|66634|17216|17218|17463|19645|26440|26444|19179|228769|26445|57296|19170|17220|50793|18392|67151|26442|19177
Switching of origins to a post-replicative state	3.19417382693966e-05	0.000443106667056311	0.594105267199798	2.2403401094712	1	53	12428|17219|12575|17215|23834|56452|56371|66634|17216|17218|17463|19645|26440|26444|19179|228769|26445|57296|19170|17220|50793|18392|67151|26442|19177
Interconversion of nucleotide di- and triphosphates	3.51704005908627e-05	0.000467981656841684	0.74319128004138	2.24833469885701	1	20	93692|20133|20135|110074|11639|18102|22166|14782|171567|320685|11636|50493|22171
Gluconeogenesis	3.47487664187921e-05	0.000467981656841684	0.720187430381356	2.25588739917305	1	23	11676|21991|18648|18563|18655|11674|13358|14751|14718|433182|74551|67863
Glucose metabolism	4.74758664345624e-05	0.000619085298306694	0.559132162902468	2.14569333238793	2	58	11676|21991|18648|18563|15277|18655|18746|56421|11674|18141|223921|18641|72787|26384|13358|14751|69736|269113|14718|15275|433182|74551
Intrinsic Pathway for Apoptosis	5.10786099807604e-05	0.000622203899653398	0.675861519390238	2.23400755264453	2	29	58801|12043|12367|14940|14942|12018|12125|14944|11783|22628|22627|14939|14941|14943|13063|19057|68097|12028
Telomere Maintenance	5.15322248179195e-05	0.000622203899653398	0.692831123762945	2.23340713499677	2	26	69263|68240|72151|18968|106344|327762|19891|19687|18973|16881|19075|19076|18972|59001|69745|18538|14156|18971|19718|18969
Extension of Telomeres	5.15322248179195e-05	0.000622203899653398	0.692831123762945	2.23340713499677	2	26	69263|68240|72151|18968|106344|327762|19891|19687|18973|16881|19075|19076|18972|59001|69745|18538|14156|18971|19718|18969
Homologous DNA Pairing and Strand Exchange	5.01563205323258e-05	0.000622203899653398	0.65264578402937	2.23725323706408	2	34	19361|12649|19363|69263|12189|237911|68240|72151|19362|106344|26909|17535|327762|19891|225182|235559|12144|19364
DNA Repair	5.46291364499256e-05	0.000647603581188209	0.396236588555857	1.83384560515967	3	185	19361|12428|12649|68026|15270|19363|69263|268465|12189|76843|67196|16647|237911|68240|269582|72151|58206|66131|19362|106344|26909|17535|107823|327762|211651|19891|27015|19687|22590|14885|16881|225182|26754|18972|55982|80905|107976|17420|224008|69745|18538|69928|237211|235559|72774|100040608|58186|12144|13194|22230|50883|19364|14156|268395|230674|217365|69833|18971|12848|66671|19718|11785|233875
Apoptosis	6.21774544550146e-05	0.000694105110082728	0.516309414536874	2.03718894748281	3	67	58801|14958|97165|22352|12043|14103|269582|227753|12367|13511|14940|14942|12018|12125|14944|11783|22628|22627|14939|14941|14943|13063|19057|68097|12028
Chromatin modifying enzymes	6.28101249921487e-05	0.000694105110082728	-0.395970607104783	-1.90930245847524	1	110	225888|69386|208266|59035|320595|20591|108155|193796|12443|20586|77853|226976|20588|68094|225876|213464|277250|13626|75605|76719|18193|77044|66262|235626|67773|192195|78783|216850|17978|54169|17977|19697|97114|77683|15077|18676|22290|66083|20592|69188|71371|214162|319162|69612|54343|67155|93760|244349|319190|74026|338523|231051|93871|75410
Chromatin organization	6.28101249921487e-05	0.000694105110082728	-0.395970607104783	-1.90930245847524	1	110	225888|69386|208266|59035|320595|20591|108155|193796|12443|20586|77853|226976|20588|68094|225876|213464|277250|13626|75605|76719|18193|77044|66262|235626|67773|192195|78783|216850|17978|54169|17977|19697|97114|77683|15077|18676|22290|66083|20592|69188|71371|214162|319162|69612|54343|67155|93760|244349|319190|74026|338523|231051|93871|75410
Programmed Cell Death	6.17865583342344e-05	0.000694105110082728	0.507913067566146	2.02942753100153	3	72	58801|14958|97165|22352|12043|74568|14103|269582|227753|12367|13511|14940|14942|12018|12125|14944|11783|22628|22627|14939|14941|14943|13063|19057|68097
Processing of DNA double-strand break ends	6.6608938919603e-05	0.000723817136259686	0.640542956427142	2.20960287319788	3	35	12428|12649|69263|12189|237911|68240|269582|72151|66131|106344|26909|17535|327762|19891|225182|235559|12144
Detoxification of Reactive Oxygen Species	6.97946293032751e-05	0.000746001611569432	0.697585617904369	2.16048196099571	3	22	50527|22166|14782|21672|12359|17970|66401|18453|13063|50493|69590|20656|17969|54683|67305
Recognition of DNA damage by PCNA-containing replication complex	0.000104246299256376	0.00109626753411544	0.695609011629272	2.17889890587893	5	23	69263|76843|68240|72151|58206|106344|19891|19687|18972|69745|18538|58186|13194|18971|19718|99375|230484|22190|67967|68275
Activation of APC/C and APC/C:Cdc20 mediated degradation of mitotic proteins	0.000111484495691921	0.00115377605065289	0.547930436473519	2.08130966509811	6	55	107995|12428|56150|18005|12534|66156|12236|18817|68612|268697|17463|26440|26444|19179|228769|26445|57296|19170|67151|75430|26442|19177|22194|23996
Presynaptic phase of homologous DNA pairing and strand exchange	0.000117843133953974	0.00120052692715611	0.649224725302506	2.19597304052799	6	32	19361|12649|19363|69263|12189|237911|68240|72151|106344|26909|17535|327762|19891|225182|235559|12144|19364
Deposition of new CENPA-containing nucleosomes at the centromere	0.000121620682465772	0.00120146492375278	0.68852449533259	2.15670763959363	6	23	66336|66311|12615|60411|217653|26886|72155|66570|102920|70645|69928|67733|245688|66578|381280|56505
Nucleosome assembly	0.000121620682465772	0.00120146492375278	0.68852449533259	2.15670763959363	6	23	66336|66311|12615|60411|217653|26886|72155|66570|102920|70645|69928|67733|245688|66578|381280|56505
G2/M DNA damage checkpoint	0.000129132231404959	0.00124053308674884	0.562343580457657	2.08722057984658	7	49	12649|15270|69263|12189|12534|237911|22390|68240|72151|106344|26909|268697|17535|107823|327762|19891|22628|225182|22627|107976|235559|12144|50883|12532
Glycolysis	0.000129380751378714	0.00124053308674884	0.565636759393233	2.09098178080821	7	48	11676|21991|18648|15277|18655|18746|56421|11674|18141|223921|18641|72787|26384|14751|69736|269113|15275|433182
Resolution of AP sites via the multiple-nucleotide patch replacement pathway	0.000179555779002747	0.00164887842126466	0.742481436754735	2.12314619008287	9	16	69263|68240|72151|106344|19891|19687|16881|18972|69745|18538|14156|18971|19718
APC:Cdc20 mediated degradation of cell cycle proteins prior to satisfation of the cell cycle checkpoint	0.000176267927249419	0.00164887842126466	0.551713731040181	2.07208338970688	10	52	107995|12428|56150|18005|12534|66156|12236|68612|17463|26440|26444|19179|228769|26445|57296|19170|67151|75430|26442|19177|22194|23996|68999
PCNA-Dependent Long Patch Base Excision Repair	0.000179555779002747	0.00164887842126466	0.742481436754735	2.12314619008287	9	16	69263|68240|72151|106344|19891|19687|16881|18972|69745|18538|14156|18971|19718
Base Excision Repair	0.000190209403261227	0.00169885658803178	0.660806716039046	2.09183132700245	10	24	69263|68240|72151|106344|19891|19687|16881|18972|69745|18538|72774|14156|268395|18971|19718
Resolution of Abasic Sites (AP sites)	0.000190209403261227	0.00169885658803178	0.660806716039046	2.09183132700245	10	24	69263|68240|72151|106344|19891|19687|16881|18972|69745|18538|72774|14156|268395|18971|19718
Cyclin A/B1/B2 associated events during G2/M transition	0.000193437203249745	0.00170433860160586	0.698863112819168	2.11423119256064	10	20	12442|12428|19053|12534|22390|18817|268697|12531|17420|14235|12532|66671
APC/C:Cdc20 mediated degradation of mitotic proteins	0.000223492225663293	0.00193691703760038	0.536495715358193	2.0297377212479	13	54	107995|12428|56150|18005|12534|66156|12236|68612|268697|17463|26440|26444|19179|228769|26445|57296|19170|67151|75430|26442|19177|22194|23996|68999
Cellular responses to external stimuli	0.00022577560560986	0.00193691703760038	0.357276014170887	1.69316498040097	16	226	17750|112407|50527|14958|12571|12428|57436|17748|12580|12575|15251|17684|12448|66156|14056|68240|22166|17164|68612|14782|56371|17535|12567|19891|21672|66508|12359|17463|26399|17970|19645|26417|66401|22627|26440|18453|54170|26444|105787|494448|13063|102626|19179|12579|12608|50493|228769|26445|11835|68097|14229|57296|19170|17246|97287|68576|67151|16906|12447|75430|68942|26442|19177|245688|69590|20656|12343|17969|68953|54683|110147|245860
Cyclin D associated events in G1	0.00023972602739726	0.00200386371619248	0.646080263619092	2.10161163806274	13	27	12571|54124|13555|12580|12575|21781|242705|13557|12567|19645|12579|17420
G1 Phase	0.00023972602739726	0.00200386371619248	0.646080263619092	2.10161163806274	13	27	12571|54124|13555|12580|12575|21781|242705|13557|12567|19645|12579|17420
Gap-filling DNA repair synthesis and ligation in GG-NER	0.000251378090603846	0.00207466474776845	0.728970338425694	2.08451083097339	13	16	69263|68240|72151|106344|19891|27015|19687|18972|69745|18538|18971|19718
Nucleobase catabolism	0.000265064499028097	0.00216027566707899	0.707531737673288	2.11332074876539	14	19	12495|22271|22436|381101|18950|53893|23959|76952|56045|17766
Cdc20:Phospho-APC/C mediated degradation of Cyclin A	0.000289040545965476	0.00230015932660366	0.53798286857491	2.01308522418138	17	51	107995|12428|56150|12534|66156|12236|68612|17463|26440|26444|19179|228769|26445|57296|19170|67151|75430|26442|19177|22194|23996|68999|19192
Processive synthesis on the lagging strand	0.000289283841689418	0.00230015932660366	0.741784637660063	2.08436041277187	15	15	68240|18968|327762|19891|16881|19075|19076|18972|69745|18538|14156|18971|18969
Downstream signal transduction	0.000303129226320944	0.00238120789832838	-0.636272284178873	-2.12251252831486	12	21	74769|12928|20851|20850|16653|12929|17974|18706|20848|18708|17973|107746|20852|18803|20662
APC-Cdc20 mediated degradation of Nek2A	0.00031944912772641	0.00247953370568594	0.709745880040291	2.09156448384703	17	18	107995|56150|18005|66156|12236|68612
HDR through Single Strand Annealing (SSA)	0.000339000288150245	0.00257009520783674	0.62061616547068	2.06804298883621	19	30	19361|69263|12189|237911|68240|72151|106344|26909|17535|327762|19891|225182|235559|12144
Cyclin A:Cdk2-associated events at S phase entry	0.000336511497476164	0.00257009520783674	0.532414782969712	1.99960190612981	20	52	12428|54124|12575|12448|22390|56371|12567|17463|19645|26440|26444|19179|17420|228769|26445|57296|19170|67151|12447|26442|19177|66671|23996|26965|19192
Cyclin E associated events during G1/S transition 	0.000352535854498838	0.00264199284061198	0.528310833660701	1.98418861348007	21	52	12428|54124|12575|12448|22390|12567|17463|19645|26440|26444|19179|17420|228769|26445|11651|57296|19170|67151|12447|26442|19177|66671|23996|26965|19192
DNA Damage Bypass	0.000364969558220939	0.00270409263590969	0.581422000387421	2.03066645488945	21	37	68026|69263|76843|68240|72151|58206|106344|19891|27015|19687|18972|80905|69745|18538|58186|13194|22230|217365|18971|19718
Fatty acid metabolism	0.000430829569764678	0.00315618965715247	0.431742439716658	1.82301065002712	28	99	20250|11363|70025|68041|74114|50790|17164|13167|216739|27384|20249|170439|622402|13358|26378|18559|56473|234309|433256|94180|19063|23986|72482|11409|64292|73724|14104|30963|330260|11690|56794|110959|54325|13177|15107|76267|269823|110821
Termination of translesion DNA synthesis	0.000503857113072486	0.00365016486359179	0.653723003217603	2.0476967846096	28	23	68026|69263|68240|72151|106344|19891|27015|19687|18972|80905|69745|18538|18971|19718
Translesion Synthesis by POLH	0.000556622914908516	0.00398811143428959	0.711468403381811	2.03446356397381	30	16	69263|68240|72151|106344|19891|19687|80905|18538|22230|217365|19718
Extracellular matrix organization	0.000610340918999041	0.00432545955638451	0.409302910063501	1.77939678338709	41	119	16776|26432|18452|12505|11492|12215|16404|12334|16412|11501|16410|20750|14114|18550|16998|214639|56693|21809|13518|18451|21803|18453|20971|16423
Metabolism of vitamins and cofactors	0.000852935895133776	0.00587782856905726	0.425565821318463	1.78187778820267	56	94	20527|18563|12494|14187|20525|116914|13361|14733|27384|622402|59027|72621|23959|18605|15926|108037|54391|20971|225994|270685|56075|67861|17252|109754|14104|67795|69698|268566|12182|109129|73132|71743|66454|54219|110821|246703
Cellular responses to stress	0.000856432076779815	0.00587782856905726	0.353942668665849	1.6451396986944	62	192	112407|50527|14958|12571|12428|12580|12575|15251|17684|12448|66156|14056|68240|22166|17164|68612|14782|56371|17535|12567|19891|21672|12359|17463|26399|17970|19645|26417|66401|22627|26440|18453|26444|494448|13063|102626|19179|12579|12608|50493|228769|26445|11835|68097|14229|57296|19170|17246|67151|16906|12447|75430|26442|19177|245688|69590|20656|12343|17969|54683|110147
AURKA Activation by TPX2	0.000854565595822124	0.00587782856905726	0.487869215859763	1.87221875792937	53	58	15366|20878|20873|18005|72119|12534|18817|227613|67203|74470|75786|76816|22628|22627|17997|19088|103733|219072|66296|230376|16328|225659|78177|101565|22154
Transcriptional Regulation by TP53	0.000901482737278329	0.00612257025734866	0.346436633990531	1.62478263124774	66	206	12428|12649|20877|19053|52679|20878|12575|69263|12448|72119|12189|12534|237911|68240|230784|22166|72151|226830|106344|12905|108961|26909|268697|14782|17535|327762|12450|26931|19891|21672|14751|66508|52846|14885|66494|27374|26399|68705|27632|22628|225182|22627|54170|105787|23988|17420|50493|18538|11651|235559|17246|109270|12028|12144|68576|69260
Inhibition of the proteolytic activity of APC/C required for the onset of anaphase by mitotic spindle checkpoint components	0.000994413205807373	0.00661589194067763	0.708309554218236	1.99029788411061	54	15	107995|56150|66156|12236|68612|75430|22194|68999
Inactivation of APC/C via direct inhibition of the APC/C complex	0.000994413205807373	0.00661589194067763	0.708309554218236	1.99029788411061	54	15	107995|56150|66156|12236|68612|75430|22194|68999
Fatty acyl-CoA biosynthesis	0.00102491606290864	0.00674995225269125	0.666218073168751	1.98992130283794	57	19	20250|50790|216739|20249|170439|13358|234309|433256|94180|19063|14104|30963|54325
Resolution of D-loop Structures through Holliday Junction Intermediates	0.00106806318799635	0.00696377198573619	0.614299480071268	1.96350857739236	61	25	19361|19363|268465|12189|237911|19362|26909|17535|327762|225182|224008|12144|19364
APC/C:Cdh1 mediated degradation of Cdc20 and other APC/C:Cdh1 targeted proteins in late mitosis/early G1	0.00118184431596768	0.00762933162387054	0.492759997018056	1.85817235868942	73	53	107995|20877|20878|66156|18817|68612|56371|17463|26440|26444|19179|228769|26445|57296|19170|67151|75430|26442|19177|22194|23996|68999|19192
Downregulation of SMAD2/3:SMAD4 transcriptional activity	0.00130898914441761	0.00836726394274788	-0.645789937594646	-1.99924864849563	57	16	20185|22284|20602|19042|228839|83814|17128|17127|20481|20482|66313
DDX58/IFIH1-mediated induction of interferon-alpha/beta	0.00145316617817295	0.00919868299192975	-0.517131350160169	-1.92556922008812	58	32	19697|21929|56480|54123|11820|16150|54131|12914|18035|56489
Class A/1 (Rhodopsin-like receptors)	0.00148724902672674	0.00932390735986379	0.394428404180382	1.70415490546129	101	114	12772|12774|80901|58861|12766|14062|16952|16995|140795|19217|20304|70086|12773|233079|14064|75805|14767|19218|78826|20305
Regulation of TP53 Activity through Phosphorylation	0.00150205952491561	0.00932707438328548	0.454949104432807	1.8084796303998	96	70	12428|12649|20877|20878|69263|72119|12189|237911|68240|72151|106344|26909|17535|327762|19891|225182|105787|23988|235559|17246|12144
Cytosolic sensors of pathogen-associated DNA 	0.0016095598097793	0.0099003112827934	-0.529228269932185	-1.93947566194269	65	30	12387|19697|56480|20852|54123|11820|20821|16150|54131|12914|18035
TP53 Regulates Transcription of Cell Cycle Genes	0.00173491823553662	0.0105716513043914	0.595398838641711	1.9193248813201	100	26	12428|52679|20878|12575|12448|12534|108961|268697|52846|18538|12028|12447|12532|58184
HATs acetylate histones	0.00175947265382995	0.0106220015768253	-0.507434963479149	-1.90406893861293	70	33	140858|11909|69386|108155|77853|226976|76719|66262|67773|78783|17978|54169|17977|97114|15077|69612|244349|319190|74026
Translesion synthesis by Y family DNA polymerases bypasses lesions on DNA template	0.00194098717926889	0.0115991950589719	0.574746401695944	1.89977941546727	113	29	68026|69263|68240|72151|106344|19891|27015|19687|18972|80905|69745|18538|22230|217365|18971|19718
GPCR ligand binding	0.00195691941178973	0.0115991950589719	0.365677999463411	1.63595150354586	137	145	12772|12774|80901|58861|12766|14062|16952|16995|140795|19217|14696|14702|14700|20304|70086|12773|233079|14064|75805|66066|14767|19218|78826|20305|14697
Deadenylation of mRNA	0.00225112556278139	0.0132228276300312	-0.619228973431483	-1.95079446741723	98	17	72068|231464|103135|234594|78893|13682|214290|72587
SCF(Skp2)-mediated degradation of p27/p21	0.00227542379768232	0.0132462171079364	0.502564317185719	1.83343588934684	139	45	12428|54124|12575|12448|12567|17463|26440|26444|19179|228769|26445|57296|19170|67151|12447|26442|19177|23996|26965|19192|22190|19172|23997|27401|19166
Resolution of D-Loop Structures	0.00235330493335166	0.0135448705715551	0.588681621274997	1.89767129117441	136	26	19361|19363|268465|12189|237911|19362|26909|17535|327762|225182|224008|12144|19364
The role of GTSE1 in G2/M progression after G2 checkpoint	0.00236827491588541	0.0135448705715551	0.508823304692226	1.83768884339508	144	43	12442|12575|12534|18817|268697|29870|17463|26440|26444|19179|228769|26445|57296|19170|67151|26442|19177
Elastic fibre formation	0.00252694822406786	0.0142031917421745	0.635727842309029	1.89885028216205	142	19	16412|16410|14114|18550|16998|21809|21803
Signaling by TGF-beta Receptor Complex	0.00251513007938379	0.0142031917421745	-0.438816653106023	-1.80007903090467	95	48	21813|228839|170749|20683|17131|93836|83814|12402|17128|17127|72949|20481|56424|12455|20482|66313|102098
Antigen processing-Cross presentation	0.00273101862203341	0.0152190097569725	0.473481537866216	1.78547429039887	170	53	16410|17463|17970|12491|26440|22319|20619|26444|19179|228769|26445|57296|19170|20333|67151|21355|26442|22320|19177|14827|17969|12317|23996
G1/S DNA Damage Checkpoints	0.00288105142191218	0.0159190298905656	0.488545503993863	1.79887935895071	177	47	12428|12649|12575|12448|17463|26440|26444|19179|228769|26445|57296|19170|17246|67151|50883|12447|26442|19177
Kinesins	0.00314151078109382	0.0172123111703628	0.648181519354276	1.88260914628446	175	17	73804|26934|228421|110033|16551|229841|16571|16579|16568|71819|16563
APC/C:Cdc20 mediated degradation of Cyclin B	0.0032129087533914	0.01745680422676	0.647585656199916	1.88087849307878	179	17	107995|12534|66156|68612|268697|75430|22194|68999
Transcriptional activity of SMAD2/SMAD3:SMAD4 heterotrimer	0.00324350688940373	0.0174774090238945	-0.506453525694146	-1.85601250499095	132	30	228839|20683|17131|93836|83814|17128|17127|72949|20481|12455|20482|66313
HDMs demethylate histones	0.00348580778259942	0.0186290711004493	-0.541595521751522	-1.87345004355727	146	24	69386|320595|20591|193796|225876|277250|75605|216850|97114|15077|18676|22290|20592|71371|338523
Resolution of D-loop Structures through Synthesis-Dependent Strand Annealing (SDSA)	0.00365921983332166	0.0193968400920791	0.606533069269907	1.85682619222154	208	21	19361|19363|12189|237911|19362|26909|17535|327762|225182|12144|19364
Regulation of PLK1 Activity at G2/M Transition	0.00398721608539159	0.0209650394167364	0.432468196584535	1.71466497454632	256	69	12442|20878|20873|18005|12534|18817|227613|268697|67203|74470|75786|76816|22628|22627|17997|19088|103733|219072|66296|230376|16328|225659|78177|101565|16475|71648|22154
Effects of PIP2 hydrolysis	0.00437834300029339	0.0228374370895304	-0.605721754106532	-1.87520481160239	193	16	18753|56077|110524|18761|18755|66082|16440|104418|13139|16439
CDT1 association with the CDC6:ORC:origin complex	0.0049325449972234	0.0255239630015052	0.489498579909506	1.76789480918439	301	43	57441|23834|56452|66634|17463|26440|26444|19179|228769|26445|57296|19170|50793|18392|67151|26442|19177|23996|19192|22190|19172|23997
Antimicrobial peptides	0.00498984522725681	0.0256171581745783	0.598732910391573	1.83294696775285	284	21	12772|12774|72621|21946
Metabolism of water-soluble vitamins and cofactors	0.00505191817446994	0.0257332082012062	0.426887018355858	1.68435726936825	324	67	20527|18563|12494|20525|116914|13361|59027|72621|23959|18605|108037|54391|225994|270685|109754|14104|67795|69698|268566|12182|109129|73132|71743|66454|54219|110821|246703
Glutathione conjugation	0.00524038968803855	0.0264863106713266	0.605147614566439	1.83071897679493	297	20	14873|14866|211666|66054|66447|14872|13885|14854|68044|69065|14874|58810
Signaling by TGF-beta family members	0.00551845924617847	0.0276771956039105	-0.385956767753551	-1.67794890625862	199	63	21813|228839|170749|20683|17131|93836|83814|12402|17128|17125|110542|17127|72949|20481|56424|12455|11479|20482|66313|102098
Metabolism of steroids	0.00563410065857048	0.0280414780869309	0.396246869944977	1.63973627494317	372	88	110196|13121|71720|14187|20775|110460|208715|14137|207777|15357|235293|16987|27384|20788|66234|622402|319554|15490|68603|192156
Regulation of lipid metabolism by Peroxisome proliferator-activated receptor alpha (PPARalpha)	0.00675337668834417	0.0333575878848515	-0.579194548993094	-1.82467160002642	296	17	59035|20185|20602|109151|17978|17977|229003|19014|20466|12914
Molecules associated with elastic fibres	0.00690775381979152	0.0336265774843295	0.622257766931506	1.80731497025529	386	17	16412|16410|14114|16998|21809|21803
Chemokine receptors bind chemokines	0.00691098371610453	0.0336265774843295	0.596444228268084	1.80438911268369	392	20	12772|12774|80901|12766|20304|12773
Cilium Assembly	0.00712405584802014	0.0344065512067343	0.350756916909494	1.55215895816805	497	134	56297|215445|20873|18005|12534|319845|18817|227613|67951|73916|76260|67203|74470|20336|67694|245866|75786|76816|22628|22627|56350|17997|67042|19088|53869|103733|16579|232987|219072|16568|68097|77048|76411|67286|11843|66296|230376|16328|225659|76568|78177|101565|217935|22154|71820|106840|72140|81896|19889
RUNX1 regulates genes involved in megakaryocyte differentiation and platelet function	0.00732695660368468	0.0351262919529589	-0.522374062830045	-1.78829559662333	310	23	18519|97114|15077|69188|214162|12394|20466|231051|75410
Phosphorylation of the APC/C	0.00782874396571986	0.037257963982842	0.638623034985075	1.79448387743118	432	15	12534|66156|18817|68612|268697|75430|22194|68999
Peptide ligand-binding receptors	0.00791208107940061	0.0373817164041246	0.416223423937479	1.64228219562773	508	67	12772|12774|80901|12766|14062|16952|20304|12773|14064|75805|14767|20305|54199
Senescence-Associated Secretory Phenotype (SASP)	0.00812629054819157	0.0381175642979921	0.502334602300097	1.73284237912818	487	35	12571|12428|12580|12575|66156|68612|56371|12567|26417|12579|12608
Dual Incision in GG-NER	0.00873907615480649	0.0406991260923845	0.518294399481967	1.74123155615591	517	31	69263|68240|72151|106344|19891|27015|19687|22590|14885|18972|69745|18538|13194|18971|19718|99375|13870|209357|22190|67967|68275
Conversion from APC/C:Cdc20 to APC/C:Cdh1 in late anaphase	0.00894971885226636	0.0411706185996009	0.634646569364229	1.78331030075941	494	15	107995|66156|68612|56371|75430|229776|22194|68999
Fanconi Anemia Pathway	0.00896660711831799	0.0411706185996009	0.543508589399477	1.75205171918944	521	26	268465|67196|68240|58206|211651|19891|69928|237211|100040608|67030|230484|13870|14087|22190|68275
Hemostasis	0.00913776646516067	0.0416631030439494	0.290186192000463	1.41673566903382	717	298	12306|12505|71946|16184|14062|16185|14389|22339|20720|12215|73804|26934|19363|234779|16412|11640|228421|19039|13449|56248|110033|21346|20501|11674|14702|13660|16551|57257|14733|229841|17319|19419|14127|109689|14682|20194|19073|21809|14676|13601|22330|80879|16188|26417|22041|21803|14064|15461|12491|13041|16453|16571|19128|19088|223864|20971|67059|16423|16579
ISG15 antiviral mechanism	0.00950635666017638	0.0427458244305862	-0.5548896839653	-1.77544420450204	414	18	19043|13682|286940|18803|230861|16451|54131|24110
Antiviral mechanism by IFN-stimulated genes	0.00950635666017638	0.0427458244305862	-0.5548896839653	-1.77544420450204	414	18	19043|13682|286940|18803|230861|16451|54131|24110
Organelle biogenesis and maintenance	0.00973088676402248	0.0428685011496125	0.33536630659212	1.50892354080912	690	151	56297|215445|20873|18005|12534|319845|18817|227613|67951|73916|76260|67203|74470|20336|67694|245866|75786|76816|11950|22628|22627|56350|17997|67042|19088|53869|103733|16579|13063|232987|219072|16568|68097|77048|76411|67286|11843|66296|230376|20656|16328|225659|76568|78177|64384|101565|217935|22154|71820|106840|72140|81896|19889|13427|11957|53413|107371
p53-Dependent G1 DNA Damage Response	0.00971931022152876	0.0428685011496125	0.463033890511834	1.68922250111635	597	45	12428|12575|12448|17463|26440|26444|19179|228769|26445|57296|19170|17246|67151|50883|12447|26442|19177
p53-Dependent G1/S DNA damage checkpoint	0.00971931022152876	0.0428685011496125	0.463033890511834	1.68922250111635	597	45	12428|12575|12448|17463|26440|26444|19179|228769|26445|57296|19170|17246|67151|50883|12447|26442|19177
ZBP1(DAI) mediated induction of type I IFNs	0.010404313874656	0.0455276016528571	-0.585310934819946	-1.7785444303825	464	15	69721|11596|18034|18036|17874|19697|11820|16150|54131|18035
SUMOylation of DNA replication proteins	0.0115654618609114	0.0499382856510878	0.503307629711706	1.70241511585062	686	32	52276|20877|21973|11799|18141|223921|72787|16319|69736|269113|18538
COPI-dependent Golgi-to-ER retrograde traffic	0.0115420507195364	0.0499382856510878	0.466132159914527	1.67552508530573	704	42	73804|26934|66111|228421|110033|16551|229841|76308|20932|16571|19324|16579|16568|66251|20333|11843|71819|16563